6.700000000000000400e-01 3.659999999999999920e-01 2.449999999999999956e-01
6.740000000000000435e-01 2.969999999999999862e-01 2.010000000000000120e-01
6.750000000000000444e-01 3.780000000000000027e-01 2.570000000000000062e-01
6.670000000000000373e-01 3.659999999999999920e-01 2.429999999999999938e-01
6.760000000000000453e-01 3.770000000000000018e-01 2.560000000000000053e-01
6.740000000000000435e-01 2.919999999999999818e-01 1.990000000000000102e-01
6.700000000000000400e-01 2.909999999999999809e-01 1.960000000000000075e-01
6.730000000000000426e-01 2.929999999999999827e-01 1.980000000000000093e-01
6.850000000000000533e-01 3.880000000000000115e-01 2.690000000000000169e-01
6.770000000000000462e-01 2.929999999999999827e-01 2.000000000000000111e-01
6.700000000000000400e-01 2.919999999999999818e-01 1.960000000000000075e-01
6.760000000000000453e-01 4.650000000000000244e-01 3.250000000000000111e-01
6.720000000000000417e-01 4.530000000000000138e-01 3.130000000000000004e-01
6.640000000000000346e-01 5.470000000000000417e-01 3.669999999999999929e-01
6.740000000000000435e-01 4.580000000000000182e-01 3.190000000000000058e-01
6.600000000000000311e-01 5.769999999999999574e-01 3.790000000000000036e-01
6.610000000000000320e-01 5.410000000000000364e-01 3.599999999999999867e-01
6.460000000000000187e-01 5.819999999999999618e-01 3.729999999999999982e-01
6.560000000000000275e-01 5.749999999999999556e-01 3.760000000000000009e-01
6.560000000000000275e-01 5.749999999999999556e-01 3.760000000000000009e-01
6.670000000000000373e-01 4.630000000000000226e-01 3.170000000000000040e-01
6.680000000000000382e-01 4.420000000000000040e-01 2.999999999999999889e-01
6.710000000000000409e-01 4.560000000000000164e-01 3.140000000000000013e-01
6.720000000000000417e-01 4.680000000000000271e-01 3.230000000000000093e-01
6.690000000000000391e-01 4.540000000000000147e-01 3.109999999999999987e-01
6.780000000000000471e-01 3.709999999999999964e-01 2.540000000000000036e-01
6.750000000000000444e-01 3.559999999999999831e-01 2.409999999999999920e-01
6.700000000000000400e-01 3.609999999999999876e-01 2.409999999999999920e-01
6.790000000000000480e-01 3.180000000000000049e-01 2.210000000000000020e-01
6.700000000000000400e-01 2.959999999999999853e-01 1.980000000000000093e-01
6.700000000000000400e-01 5.470000000000000417e-01 3.719999999999999973e-01
6.720000000000000417e-01 5.550000000000000488e-01 3.780000000000000027e-01
6.690000000000000391e-01 5.540000000000000480e-01 3.739999999999999991e-01
6.690000000000000391e-01 5.530000000000000471e-01 3.739999999999999991e-01
6.710000000000000409e-01 5.550000000000000488e-01 3.770000000000000018e-01
5.160000000000000142e-01 6.079999999999999849e-01 3.039999999999999925e-01
6.540000000000000258e-01 2.540000000000000036e-01 1.620000000000000051e-01
6.470000000000000195e-01 2.600000000000000089e-01 1.650000000000000078e-01
6.019999999999999796e-01 2.800000000000000266e-01 1.700000000000000122e-01
6.530000000000000249e-01 2.409999999999999920e-01 1.519999999999999962e-01
6.009999999999999787e-01 2.819999999999999729e-01 1.719999999999999862e-01
6.520000000000000240e-01 2.500000000000000000e-01 1.590000000000000024e-01
6.470000000000000195e-01 2.500000000000000000e-01 1.580000000000000016e-01
6.430000000000000160e-01 2.479999999999999982e-01 1.559999999999999998e-01
6.540000000000000258e-01 2.929999999999999827e-01 1.900000000000000022e-01
6.440000000000000169e-01 2.419999999999999929e-01 1.509999999999999953e-01
5.979999999999999760e-01 3.489999999999999769e-01 2.109999999999999931e-01
6.790000000000000480e-01 4.779999999999999805e-01 3.380000000000000226e-01
6.350000000000000089e-01 5.799999999999999600e-01 3.649999999999999911e-01
6.470000000000000195e-01 5.769999999999999574e-01 3.709999999999999964e-01
6.650000000000000355e-01 3.509999999999999787e-01 2.330000000000000127e-01
6.620000000000000329e-01 3.479999999999999760e-01 2.310000000000000109e-01
6.720000000000000417e-01 3.659999999999999920e-01 2.459999999999999964e-01
6.700000000000000400e-01 3.589999999999999858e-01 2.399999999999999911e-01
6.810000000000000497e-01 4.859999999999999876e-01 3.439999999999999725e-01
6.860000000000000542e-01 5.010000000000000009e-01 3.569999999999999840e-01
6.830000000000000515e-01 3.960000000000000187e-01 2.740000000000000213e-01
6.800000000000000488e-01 4.959999999999999964e-01 3.509999999999999787e-01
6.720000000000000417e-01 4.709999999999999742e-01 3.260000000000000120e-01
6.680000000000000382e-01 5.709999999999999520e-01 3.840000000000000080e-01
6.720000000000000417e-01 5.480000000000000426e-01 3.729999999999999982e-01
6.590000000000000302e-01 5.759999999999999565e-01 3.770000000000000018e-01
6.650000000000000355e-01 5.749999999999999556e-01 3.830000000000000071e-01
6.840000000000000524e-01 5.540000000000000480e-01 3.840000000000000080e-01
5.620000000000000551e-01 5.969999999999999751e-01 3.290000000000000147e-01
5.290000000000000258e-01 6.019999999999999796e-01 3.119999999999999996e-01
5.939999999999999725e-01 5.899999999999999689e-01 3.439999999999999725e-01
6.099999999999999867e-01 5.889999999999999680e-01 3.549999999999999822e-01
4.269999999999999907e-01 6.360000000000000098e-01 2.600000000000000089e-01
6.590000000000000302e-01 5.190000000000000169e-01 3.459999999999999742e-01
6.710000000000000409e-01 5.530000000000000471e-01 3.750000000000000000e-01
6.500000000000000222e-01 5.290000000000000258e-01 3.459999999999999742e-01
6.770000000000000462e-01 5.530000000000000471e-01 3.800000000000000044e-01
6.410000000000000142e-01 5.789999999999999591e-01 3.669999999999999929e-01
6.640000000000000346e-01 5.500000000000000444e-01 3.679999999999999938e-01
6.570000000000000284e-01 5.709999999999999520e-01 3.760000000000000009e-01
6.460000000000000187e-01 5.769999999999999574e-01 3.699999999999999956e-01
3.980000000000000204e-01 6.390000000000000124e-01 2.429999999999999938e-01
